6546578945 玉玉 女 100 100 100 100.000000 100 100 100.000000 1
6655446655 猫雷 女 100 100 100 100.000000 100 100 100.000000 1
9996668881 丁真 男 99 88 77 88.000000 66 55 75.900000 3
7844579521 敖翔 男 99 88 77 88.000000 66 55 75.900000 3
3332221119 王五 男 80 90 80 83.000000 50 50 69.800000 5
6665554441 雪豹 男 88 55 65 69.000000 45 65 65.400000 6
7754546421 王王 男 54 65 65 61.000000 32 65 59.300000 7
4562132355 猫猫 女 99 88 55 80.000000 56 0 53.600000 8
7878787878 小明 女 85 65 5 51.000000 42 21 41.100000 9
9999888822 张三 女 85 65 5 51.000000 42 21 41.100000 9
4564569871 墨茶 男 1 32 54 29.000000 65 45 37.400000 11
6554465542 李四 男 15 56 65 45.000000 32 21 36.500000 12
6546548971 答辩 男 2 3 45 16.000000 5 6 11.900000 13
